
                              Grades                        # students 
_______________________________________________________________________
 Course            A       B       C       D       F
_______________________________________________________________________

 Course 1  |      11      13      13      15      14       |      66
            _______________________________________________
 Course 2  |      14      13      10      10      14       |      61
            _______________________________________________
 Course 3  |      14      10       9       4      14       |      51
            _______________________________________________
 Course 4  |      14       3      14       5       9       |      45
            _______________________________________________
 Course 5  |       5      11      10      11       8       |      45
            _______________________________________________
 Course 6  |       8      13      11      14       2       |      48
            _______________________________________________
 Course 7  |       5      12       6       1       8       |      32
            _______________________________________________
 Course 8  |      15       6      12      13       4       |      50
            _______________________________________________
 Course 9  |       4      10      10       9       3       |      36
            _______________________________________________
 Course 10 |      14       1      13      10       4       |      42
            _______________________________________________
 Course 11 |      10       3       7      12       4       |      36
            _______________________________________________
 Course 12 |       1       2       1      12       5       |      21
            _______________________________________________
 Course 13 |       5      14      12       7       2       |      40
            _______________________________________________
 Course 14 |      12       5       9      10       4       |      40
            _______________________________________________
 Course 15 |       4       2      14       6      13       |      39
            _______________________________________________
 Course 16 |      15       9       1       1       8       |      34
            _______________________________________________
 Course 17 |       4       6       9       4       2       |      25
            _______________________________________________
 Course 18 |       2       2       2       5      14       |      25
            _______________________________________________
 Course 19 |      12       1      11      13       3       |      40
            _______________________________________________
 Course 20 |       8       7       9       8      10       |      42
_______________________________________________________________________

 Avg %          20.60   16.95   21.50   21.10   18.00